21201
21202
21205
21206
21207
21208
21209
21210
21211
21212
21213
21214
21215
21216
21217
21218
21222 x2
21223
21224
21225 x2
21226 x3
21227 x4
21228
21229
21230
21231
21234
21236
21237
21239
21251 - Morgan State University
21287 -Johns Hopkins University




IN ORDER FROM FILE:
21209
21251
21207
21201
21231
21228
21222
21226
21226
21239
21212
21236
21206
21222
21210
21229
21227
21225
21227
21227
21217
21216
21202
21227
21226
21213
21287
21237
21224
21225
21223
21230
21205
21208
21234
21215
21214
21211
21218

(39 FOUND)
